3 0.303891 0.249918 0.379933 0.249918 0.379933 0.333007 0.303891 0.333007
3 0.443566 0.075735 0.494219 0.075735 0.494219 0.137092 0.443566 0.137092
3 0.650248 0.122908 0.689256 0.122908 0.689256 0.183190 0.650248 0.183190
3 0.664430 0.154820 0.715288 0.154820 0.715288 0.220915 0.664430 0.220915
3 0.571569 0.310866 0.642270 0.310866 0.642270 0.393591 0.571569 0.393591
3 0.594396 0.397141 0.677730 0.397141 0.677730 0.486973 0.594396 0.486973
3 0.383364 0.098243 0.419752 0.098243 0.419752 0.170629 0.383364 0.170629
3 0.476486 0.194085 0.537929 0.194085 0.537929 0.249632 0.476486 0.249632
3 0.727420 0.358129 0.783150 0.358129 0.783150 0.451716 0.727420 0.451716
3 0.597059 0.508252 0.685708 0.508252 0.685708 0.631181 0.597059 0.631181
3 0.407506 0.143002 0.462304 0.143002 0.462304 0.195012 0.407506 0.195012
3 0.251225 0.293178 0.322518 0.293178 0.322518 0.354861 0.251225 0.354861
3 0.448517 0.299975 0.520316 0.299975 0.520316 0.379493 0.448517 0.379493
3 0.821348 0.218652 0.885178 0.218652 0.885178 0.301393 0.821348 0.301393
3 0.481808 0.068995 0.530790 0.068995 0.530790 0.132394 0.481808 0.132394
3 0.000000 0.418415 0.073119 0.418415 0.073119 0.515343 0.000000 0.515343
2 0.675754 0.303784 0.888159 0.322595 0.885993 0.366094 0.673587 0.347283
2 0.465614 0.202554 0.540403 0.099652 0.568449 0.135889 0.493659 0.238791
3 0.419424 0.089812 0.457996 0.089812 0.457996 0.147018 0.419424 0.147018
3 0.596170 0.117851 0.644041 0.117851 0.644041 0.156005 0.596170 0.156005
3 0.519041 0.651307 0.620104 0.651307 0.620104 0.736601 0.519041 0.736601
3 0.602390 0.285580 0.667978 0.285580 0.667978 0.360494 0.602390 0.360494
3 0.000000 0.514158 0.019041 0.514158 0.019041 0.593358 0.000000 0.593358
2 0.184555 0.330363 0.262552 0.340927 0.244302 0.580482 0.166306 0.569919
3 0.081985 0.276573 0.172411 0.276573 0.172411 0.354587 0.081985 0.354587
3 0.587653 0.138276 0.646722 0.138276 0.646722 0.203840 0.587653 0.203840
3 0.048297 0.315580 0.147589 0.315580 0.147589 0.408946 0.048297 0.408946
3 0.618456 0.085605 0.668352 0.085605 0.668352 0.149387 0.618456 0.149387
3 0.212304 0.182010 0.268156 0.182010 0.268156 0.265931 0.212304 0.265931
3 0.610355 0.207925 0.676900 0.207925 0.676900 0.285703 0.610355 0.285703
3 0.600604 0.615813 0.690141 0.615813 0.690141 0.762386 0.600604 0.762386
3 0.257812 0.667823 0.339078 0.667823 0.339078 0.828583 0.257812 0.828583
