1 0.421086 0.168934 0.587855 0.339556 0.536586 0.428643 0.369816 0.258021
0 0.238624 0.053435 0.278738 0.053435 0.278738 0.105229 0.238624 0.105229
0 0.232096 0.070846 0.272898 0.070846 0.272898 0.119416 0.232096 0.119416
0 0.011654 0.124453 0.064154 0.124453 0.064154 0.209681 0.011654 0.209681
0 0.202543 0.082067 0.243346 0.082067 0.243346 0.130637 0.202543 0.130637
0 0.099982 0.025025 0.142157 0.025025 0.142157 0.106127 0.099982 0.106127
1 0.516576 0.568935 0.866152 0.631954 0.850140 0.789864 0.500563 0.726845
1 0.727027 0.253742 0.804133 0.191480 0.899097 0.400551 0.821991 0.462814
0 0.139663 0.100854 0.181838 0.100854 0.181838 0.159967 0.139663 0.159967
0 0.033827 0.088709 0.082874 0.088709 0.082874 0.189992 0.033827 0.189992
0 0.000000 0.095343 0.033732 0.095343 0.033732 0.148080 0.000000 0.148080
0 0.084164 0.094440 0.134589 0.094440 0.134589 0.170507 0.084164 0.170507
0 0.071278 0.112990 0.122059 0.112990 0.122059 0.191340 0.071278 0.191340
0 0.129013 0.070155 0.171189 0.070155 0.171189 0.151258 0.129013 0.151258
0 0.171621 0.090315 0.214154 0.090315 0.214154 0.143913 0.171621 0.143913
0 0.056854 0.045866 0.100735 0.045866 0.100735 0.107271 0.056854 0.107271
0 0.000000 0.143231 0.038425 0.143231 0.038425 0.226614 0.000000 0.226614
