0 0.064142 0.046985 0.106281 0.046985 0.106281 0.093464 0.064142 0.093464
0 0.135172 0.073529 0.176593 0.073529 0.176593 0.153268 0.135172 0.153268
1 0.608933 0.167482 0.808412 0.270645 0.777445 0.377093 0.577967 0.273930
0 0.177258 0.091095 0.216605 0.091095 0.216605 0.145425 0.177258 0.145425
0 0.243606 0.054146 0.284007 0.054146 0.284007 0.107557 0.243606 0.107557
0 0.017525 0.125400 0.071075 0.125400 0.071075 0.211589 0.017525 0.211589
0 0.000107 0.145335 0.043260 0.145335 0.043260 0.228758 0.000107 0.228758
1 0.055301 0.501926 0.371961 0.806436 0.297356 0.944360 -0.019305 0.639850
0 0.106066 0.031744 0.144730 0.031744 0.144730 0.108252 0.106066 0.108252
0 0.077543 0.112541 0.127267 0.112541 0.127267 0.191340 0.077543 0.191340
0 0.040233 0.087868 0.088266 0.087868 0.088266 0.174060 0.040233 0.174060
0 0.143355 0.103297 0.188603 0.103297 0.188603 0.163644 0.143355 0.163644
0 0.207923 0.082096 0.247270 0.082096 0.247270 0.132271 0.207923 0.132271
0 0.235983 0.073084 0.275331 0.073084 0.275331 0.119567 0.235983 0.119567
0 0.000000 0.093415 0.040962 0.093415 0.040962 0.149142 0.000000 0.149142
1 0.367995 0.243701 0.595493 0.392959 0.553463 0.506846 0.325965 0.357589
0 0.000000 0.142533 0.042675 0.142533 0.042675 0.231038 0.000000 0.231038
