0 0.550674 0.039011 0.586121 0.039011 0.586121 0.109109 0.550674 0.109109
0 0.630420 0.323615 0.689093 0.323615 0.689093 0.428431 0.630420 0.428431
0 0.000000 0.395547 0.073131 0.395547 0.073131 0.527165 0.000000 0.527165
1 0.634084 0.095803 0.819165 0.180293 0.795564 0.272204 0.610483 0.187714
0 0.834743 0.493979 0.915493 0.493979 0.915493 0.613133 0.834743 0.613133
0 0.367586 0.288154 0.415717 0.288154 0.415717 0.395098 0.367586 0.395098
0 0.644424 0.178873 0.692831 0.178873 0.692831 0.264379 0.644424 0.264379
0 0.568382 0.189951 0.614890 0.189951 0.614890 0.279698 0.568382 0.279698
0 0.499363 0.441818 0.560680 0.441818 0.560680 0.564947 0.499363 0.564947
0 0.511642 0.145368 0.553615 0.145368 0.553615 0.229657 0.511642 0.229657
0 0.544427 0.672316 0.623474 0.672316 0.623474 0.822042 0.544427 0.822042
0 0.701045 0.381332 0.767534 0.381332 0.767534 0.490086 0.701045 0.490086
0 0.392270 0.099265 0.430392 0.099265 0.430392 0.183987 0.392270 0.183987
1 0.342845 0.056127 0.490226 0.009674 0.505204 0.094155 0.357823 0.140608
0 0.202512 0.611438 0.282292 0.611438 0.282292 0.762937 0.202512 0.762937
0 0.323529 0.173162 0.366207 0.173162 0.366207 0.268039 0.323529 0.268039
0 0.795846 0.698243 0.892338 0.698243 0.892338 0.842733 0.795846 0.842733
0 0.451072 0.121732 0.490380 0.121732 0.490380 0.207230 0.451072 0.207230
0 0.112684 0.294065 0.178431 0.294065 0.178431 0.411479 0.112684 0.411479
1 -0.030009 0.226326 0.179496 0.122995 0.211459 0.238204 0.001954 0.341535
