0 0.515165 0.284641 0.567310 0.284641 0.567310 0.383088 0.515165 0.383088
0 0.434200 0.631928 0.504384 0.631928 0.504384 0.777712 0.434200 0.777712
0 0.169721 0.312786 0.224510 0.312786 0.224510 0.427042 0.169721 0.427042
0 0.747442 0.294077 0.809773 0.294077 0.809773 0.389612 0.747442 0.389612
0 0.596731 0.268668 0.649632 0.268668 0.649632 0.367941 0.596731 0.367941
0 0.413517 0.094105 0.449715 0.094105 0.449715 0.179804 0.413517 0.179804
0 0.532457 0.443791 0.593036 0.443791 0.593036 0.563962 0.532457 0.563962
0 0.218352 0.333864 0.277420 0.333864 0.277420 0.448938 0.218352 0.448938
0 0.492564 0.163056 0.536890 0.163056 0.536890 0.250723 0.492564 0.250723
0 0.363450 0.186724 0.403768 0.186724 0.403768 0.278105 0.363450 0.278105
0 0.632191 0.133505 0.676409 0.133505 0.676409 0.217234 0.632191 0.217234
0 0.703431 0.210743 0.756342 0.210743 0.756342 0.298570 0.703431 0.298570
0 0.643260 0.271025 0.698248 0.271025 0.698248 0.367933 0.643260 0.367933
0 0.572917 0.198517 0.617417 0.198517 0.617417 0.290891 0.572917 0.290891
0 0.146232 0.356904 0.213309 0.356904 0.213309 0.476295 0.146232 0.476295
0 0.369914 0.150449 0.409375 0.150449 0.409375 0.236029 0.369914 0.236029
0 0.352941 0.226099 0.397549 0.226099 0.397549 0.326185 0.352941 0.326185
0 0.767953 0.334273 0.832138 0.334273 0.832138 0.436479 0.767953 0.436479
0 0.459320 0.720584 0.539108 0.720584 0.539108 0.876217 0.459320 0.876217
0 0.526547 0.395523 0.585650 0.395523 0.585650 0.501908 0.526547 0.501908
0 0.525070 0.337406 0.574568 0.337406 0.574568 0.436895 0.525070 0.436895
0 0.459161 0.058047 0.494332 0.058047 0.494332 0.135049 0.459161 0.135049
0 0.507629 0.129984 0.544424 0.129984 0.544424 0.211397 0.507629 0.211397
0 0.378793 0.124641 0.415717 0.124641 0.415717 0.209600 0.378793 0.209600
0 0.780686 0.186111 0.835355 0.186111 0.835355 0.271773 0.780686 0.271773
0 0.728971 0.236932 0.782163 0.236932 0.782163 0.336422 0.728971 0.336422
0 0.676520 0.392569 0.743009 0.392569 0.743009 0.503877 0.676520 0.503877
0 0.584911 0.147712 0.630423 0.147712 0.630423 0.229052 0.584911 0.229052
0 0.427267 0.073815 0.460355 0.073815 0.460355 0.151430 0.427267 0.151430
0 0.486826 0.076373 0.523009 0.076373 0.523009 0.154412 0.486826 0.154412
