3 0.036559 0.466879 0.073119 0.096928
3 0.853263 0.260022 0.063830 0.082741
3 0.468892 0.106413 0.050653 0.061356
3 0.645372 0.689099 0.089537 0.146573
3 0.669752 0.153049 0.039007 0.060282
3 0.689859 0.187868 0.050858 0.066095
3 0.606919 0.352228 0.070702 0.082725
3 0.643627 0.246814 0.066544 0.077778
3 0.636063 0.442057 0.083333 0.089833
3 0.240230 0.223971 0.055852 0.083922
3 0.401558 0.134436 0.036388 0.072386
3 0.643404 0.117496 0.049896 0.063783
3 0.097943 0.362263 0.099292 0.093366
2 0.211861 0.454469 0.093085 0.225768
3 0.617188 0.171058 0.059069 0.065564
2 0.517269 0.167232 0.101063 0.102839
2 0.779681 0.333899 0.210993 0.060282
3 0.506299 0.100694 0.048983 0.063399
3 0.298445 0.748203 0.081265 0.160760
3 0.755285 0.404922 0.055729 0.093587
3 0.641383 0.569716 0.088649 0.122929
3 0.434905 0.169007 0.054798 0.052010
3 0.127198 0.315580 0.090426 0.078015
3 0.341912 0.291462 0.076042 0.083088
3 0.009521 0.553758 0.019041 0.079199
3 0.286872 0.324020 0.071293 0.061683
3 0.635184 0.323037 0.065588 0.074914
3 0.569573 0.693954 0.101063 0.085294
3 0.620106 0.136928 0.047871 0.038154
3 0.438710 0.118415 0.038572 0.057206
3 0.484416 0.339734 0.071798 0.079518
