0 0.242402 0.687188 0.079779 0.151499
0 0.568398 0.074060 0.035447 0.070098
0 0.591636 0.234824 0.046507 0.089747
0 0.583951 0.747179 0.079047 0.149726
0 0.344868 0.220600 0.042678 0.094877
0 0.470726 0.164481 0.039308 0.085498
0 0.036566 0.461356 0.073131 0.131618
0 0.875118 0.553556 0.080751 0.119154
0 0.391651 0.341626 0.048131 0.106944
1 0.419752 0.077988 0.150711 0.120568
0 0.659756 0.376023 0.058673 0.104816
1 0.095070 0.238156 0.190141 0.190306
0 0.734289 0.435709 0.066489 0.108754
0 0.532629 0.187512 0.041973 0.084289
0 0.145558 0.352772 0.065748 0.117414
0 0.844092 0.770488 0.096492 0.144489
0 0.668627 0.221626 0.048407 0.085507
0 0.411331 0.141626 0.038122 0.084722
1 0.719841 0.178464 0.188830 0.156029
0 0.530021 0.503382 0.061317 0.123129
