0 0.562747 0.503877 0.060579 0.120172
0 0.431616 0.136955 0.036198 0.085699
0 0.654300 0.175370 0.044219 0.083730
0 0.476746 0.096548 0.035172 0.077002
0 0.383609 0.232414 0.040319 0.091381
0 0.607667 0.188382 0.045512 0.081340
0 0.549819 0.387151 0.049498 0.099489
0 0.808021 0.228942 0.054669 0.085662
0 0.514727 0.206889 0.044326 0.087667
0 0.247886 0.391401 0.059069 0.115074
0 0.623182 0.318305 0.052901 0.099273
0 0.541238 0.333864 0.052145 0.098448
0 0.709764 0.448223 0.066489 0.111307
0 0.670754 0.319479 0.054988 0.096908
0 0.469292 0.704820 0.070184 0.145784
0 0.595167 0.244704 0.044501 0.092373
0 0.397255 0.167120 0.036924 0.084959
0 0.729887 0.254657 0.052911 0.087827
0 0.778608 0.341844 0.062331 0.095535
0 0.179770 0.416599 0.067077 0.119391
0 0.556098 0.448715 0.059102 0.106385
0 0.389645 0.193239 0.039461 0.085580
0 0.375245 0.276142 0.044608 0.100086
0 0.526026 0.170690 0.036795 0.081413
0 0.800046 0.385376 0.064185 0.102206
0 0.197116 0.369914 0.054789 0.114257
0 0.499214 0.798401 0.079789 0.155633
0 0.755567 0.286677 0.053192 0.099489
0 0.504917 0.115392 0.036183 0.078039
0 0.443811 0.112623 0.033088 0.077614
